Beta = 0.0, time : 182.16039299964905train/test : 21.428571428571427/21.428571428571427
Tree[Tree(2, [0.0 1.0 1.0; 0.0 0.0 0.0; -0.0 -0.0 -0.0; 0.0 -0.0 0.0; 0.0 0.0 0.0; 1.0 0.0 0.0; 0.0 0.0 0.0], [0.5515463917525774, 0.6910112359550562, 0.747191011235955], [1, 8, 2, 5]), Tree(2, [0.0 0.0 0.0; 1.0 0.0 0.0; -0.0 0.0 -0.0; 0.0 0.0 0.0; 0.0 0.0 1.0; 0.0 1.0 0.0; 0.0 0.0 0.0], [0.5238095238095237, 0.577319587628866, 0.7727272727272728], [1, 2, 8, 6]), Tree(2, [0.0 0.0 0.0; 1.0 0.0 0.0; 0.0 -0.0 0.0; -0.0 -0.0 0.0; 0.0 0.0 1.0; 0.0 1.0 0.0; 0.0 0.0 0.0], [0.4880952380952379, 0.6391752577319588, 0.7272727272727274], [1, 2, 8, 6])]
Beta = 0.1, time : 180.08617901802063train/test : 31.746031746031743/29.761904761904763
Tree[Tree(2, [0.0 1.0 -0.0; 1.0 0.0 0.0; 0.0 0.0 0.0; 0.0 0.0 0.0; 0.0 0.0 1.0; 0.0 0.0 0.0; 0.0 0.0 0.0], [0.4880952380952379, 0.7078651685393259, 0.5852272727272727], [1, 5, 8, 6]), Tree(2, [0.0 1.0 0.0; 1.0 0.0 0.0; 0.0 0.0 0.0; 0.0 -0.0 0.0; 0.0 -0.0 1.0; -0.0 0.0 0.0; 0.0 0.0 0.0], [0.5238095238095237, 0.7921348314606742, 0.7727272727272728], [1, 5, 8, 6]), Tree(2, [0.0 1.0 0.0; 1.0 0.0 0.0; -0.0 0.0 0.0; 0.0 -0.0 0.0; 0.0 0.0 1.0; 0.0 0.0 0.0; 0.0 0.0 0.0], [0.4642857142857143, 0.7078651685393259, 0.7500000000000001], [1, 5, 8, 6])]
Beta = 0.5, time : 180.04211902618408train/test : 32.142857142857146/32.142857142857146
Tree[Tree(2, [-0.0 1.0 -0.0; 1.0 -0.0 0.0; 0.0 -0.0 -0.0; -0.0 0.0 0.0; -0.0 0.0 0.0; -0.0 0.0 1.0; 0.0 0.0 0.0], [0.4345238095238094, 0.7078651685393259, 0.5051546391752578], [1, 5, 8, 2]), Tree(2, [0.0 1.0 0.0; 1.0 0.0 -0.0; -0.0 0.0 -0.0; -0.0 0.0 0.0; -0.0 0.0 0.0; -0.0 0.0 1.0; -0.0 0.0 0.0], [0.4999999999999999, 0.7415730337078652, 0.6597938144329898], [1, 5, 8, 2]), Tree(2, [-0.0 1.0 0.0; 1.0 0.0 -0.0; 0.0 0.0 -0.0; -0.0 0.0 -0.0; 0.0 0.0 -0.0; -0.0 0.0 1.0; 0.0 0.0 -0.0], [0.4642857142857143, 0.6797752808988764, 0.5670103102783505], [1, 5, 8, 2])]
Beta = 1.0, time : 180.0401530265808train/test : 19.841269841269842/21.428571428571427
Tree[Tree(2, [1.0 -0.0 0.0; 0.0 0.0 0.0; -0.0 -0.0 -0.0; 0.0 0.0 -0.0; 0.0 0.0 0.0; -0.0 1.0 0.0; -0.0 0.0 1.0], [0.7078651685393259, 0.5979381453298969, 0.5202020202020201], [1, 2, 8, 5]), Tree(2, [1.0 -0.0 0.0; -0.0 0.0 -0.0; -0.0 -0.0 -0.0; 0.0 0.0 0.0; 0.0 0.0 0.0; 0.0 1.0 0.0; -0.0 0.0 1.0], [0.6966292134831461, 0.5206185557010309, 0.7070707070707071], [1, 2, 8, 5]), Tree(2, [1.0 -0.0 -0.0; -0.0 0.0 0.0; -0.0 0.0 -0.0; 0.0 -0.0 -0.0; 0.0 0.0 0.0; 0.0 1.0 0.0; -0.0 0.0 1.0], [0.6966292134831461, 0.5670103092783505, 0.6262626262626263], [1, 2, 8, 5])]
Beta = 2.0, time : 180.16750597953796train/test : 20.238095238095237/22.61904761904762
Tree[Tree(2, [1.0 0.0 0.0; 0.0 0.0 0.0; 0.0 0.0 0.0; 0.0 0.0 0.0; 0.0 0.0 0.0; 0.0 1.0 0.0; 0.0 0.0 1.0], [0.7078651685393259, 0.5103092783505155, 0.5202020202020202], [1, 2, 8, 5]), Tree(2, [1.0 0.0 0.0; 0.0 0.0 0.0; 0.0 0.0 0.0; 0.0 0.0 0.0; 0.0 0.0 0.0; 0.0 1.0 0.0; 0.0 0.0 1.0], [0.6966292134831461, 0.5979381443298969, 0.5], [1, 2, 8, 5]), Tree(2, [1.0 0.0 0.0; 0.0 0.0 0.0; 0.0 0.0 0.0; 0.0 0.0 0.0; 0.0 0.0 0.0; 0.0 1.0 0.0; 0.0 0.0 1.0], [0.6853932584269663, 0.5412371134020619, 0.6262626262626263], [1, 2, 8, 5])]
Beta = 5.0, time : 180.03805708885193train/test : 35.714285714285715/34.523809523809526
Tree[Tree(2, [0.0 0.0 0.0; 0.0 1.0 0.0; 0.0 0.0 -0.0; 0.0 0.0 0.0; 1.0 0.0 0.0; 0.0 0.0 1.0; 0.0 0.0 0.0], [0.6477272727272727, 0.4821428571428572, 0.5309278350515463], [1, 8, 6, 2]), Tree(2, [0.0 0.0 0.0; 0.0 1.0 0.0; -0.0 0.0 0.0; 0.0 0.0 0.0; 1.0 0.0 0.0; 0.0 0.0 1.0; 0.0 0.0 0.0], [0.7727272727272728, 0.5238095238095237, 0.309278350515464], [1, 8, 1, 6]), Tree(2, [0.0 0.0 0.0; 0.0 1.0 0.0; -0.0 0.0 -0.0; -0.0 0.0 0.0; 1.0 0.0 0.0; 0.0 0.0 1.0; 0.0 0.0 0.0], [0.6306818181818183, 0.4702380952380951, 0.8814432989690721], [1, 8, 2, 5])]
