Beta = 0.1, time : 15.533353090286255train/test : 0.0/0.0
Tree[Tree(2, [-0.0 0.0 1.0; -0.0 0.0 0.0; 1.0 1.0 0.0], [0.6873056113722216, 0.6631317891563897, 0.6900432343424296], [3, 1, 1, 2]), Tree(2, [-0.0 0.0 1.0; -0.0 0.0 -0.0; 1.0 1.0 0.0], [0.6251390934420491, 1.0, 0.7046594102692456], [3, 0, 1, 2]), Tree(2, [-0.0 0.0 1.0; 0.0 -0.0 -0.0; 1.0 1.0 0.0], [0.7276660190736233, 0.6412291905243019, 0.6174634046195078], [3, 1, 1, 2])]
Beta = 0.5, time : 15.125472068786621train/test : 2.0/4.0
Tree[Tree(2, [1.0 0.0 0.0; 0.0 0.0 0.0; 0.0 1.0 1.0], [0.6564300024165075, 0.6631317891563897, 0.6873056113722216], [3, 1, 3, 2]), Tree(2, [1.0 0.0 0.0; 0.0 0.0 0.0; 0.0 1.0 1.0], [0.6881699878251055, 0.6771937813548927, 0.6915873284976017], [3, 1, 3, 2]), Tree(2, [1.0 0.0 0.0; 0.0 0.0 0.0; 0.0 1.0 1.0], [0.6174634046195078, 0.6511081078760037, 0.7276660190736233], [3, 1, 3, 2])]
Beta = 1.0, time : 7.4790191650390625train/test : 0.6666666666666667/2.0
Tree[Tree(2, [0.0 1.0 1.0; 0.0 0.0 0.0; 1.0 0.0 0.0], [0.5422891891839942, 0.06662022134238343, 0.6900432343424296], [0, 3, 1, 2]), Tree(2, [0.0 1.0 1.0; 0.0 0.0 0.0; 1.0 0.0 0.0], [0.6251390934420491, 0.8278747856001916, 0.655253933590332], [3, 3, 1, 2]), Tree(2, [0.0 1.0 1.0; 0.0 0.0 0.0; 1.0 0.0 0.0], [0.6412291915243019, 0.7802751741093368, 0.7103617356757923], [3, 3, 1, 2])]
Beta = 2.0, time : 11.533738851547241train/test : 1.3333333333333335/4.0
Tree[Tree(2, [0.0 0.0 1.0; 0.0 0.0 0.0; 1.0 1.0 0.0], [0.6631317891563897, -0.0, 0.6900432343424296], [0, 3, 1, 2]), Tree(2, [0.0 0.0 1.0; 0.0 0.0 0.0; 1.0 1.0 0.0], [0.6771937813548927, 0.503812710116297, 0.7046594102692456], [3, 3, 1, 2]), Tree(2, [0.0 0.0 1.0; 0.0 0.0 0.0; 1.0 1.0 0.0], [0.68266897416346, 0.6511081078760037, 0.6174634046195078], [3, 1, 1, 2])]
Beta = 5.0, time : 10.747805833816528train/test : 1.3333333333333335/4.0
Tree[Tree(2, [0.0 0.0 1.0; 0.0 0.0 0.0; 1.0 1.0 0.0], [0.6848611053862277, 0.6631317891563897, 0.5815900211412126], [3, 1, 1, 2]), Tree(2, [0.0 0.0 1.0; -0.0 0.0 0.0; 1.0 1.0 0.0], [0.6915873284976017, 0.6771937813548927, 0.655253933590332], [3, 1, 1, 2]), Tree(2, [0.0 0.0 1.0; -0.0 0.0 0.0; 1.0 1.0 0.0], [0.6511081078760037, 0.641229191524302, 0.7103617356757923], [3, 0, 1, 2])]
