Beta = 0.0, time : 122.60863208770752train/test : 2.7027027027027026/5.405405405405405
Tree[Tree(2, [0.0 0.0 -0.0; 0.0 0.0 1.0; 1.0 0.0 0.0; 0.0 1.0 0.0], [0.6694915254237288, 0.375, 0.0], [1, 2, 0, 3]), Tree(2, [0.0 0.0 0.0; 0.0 0.0 1.0; 1.0 1.0 0.0; 0.0 0.0 0.0], [0.635593220338983, 0.38983050847457623, 1.0], [1, 2, 3, 0]), Tree(2, [0.0 0.0 0.0; 0.0 1.0 0.0; 1.0 0.0 0.0; 0.0 0.0 1.0], [0.576271186440678, 0.39583333333333315, 0.6666666666666666], [2, 1, 2, 3])]
Beta = 0.1, time : 69.84625315666199train/test : 5.405405405405405/8.108108108108109
Tree[Tree(2, [0.0 0.0 0.0; 0.0 -0.0 0.0; 1.0 1.0 0.0; 0.0 0.0 1.0], [0.1610169491525423, -0.0, 0.7083333333333334], [0, 1, 2, 3]), Tree(2, [0.0 0.0 0.0; 0.0 0.0 0.0; 1.0 1.0 0.0; 0.0 0.0 1.0], [0.6271186440677967, 0.38983050847457623, 0.4791666666666665], [1, 2, 2, 3]), Tree(2, [0.0 0.0 0.0; -0.0 -0.0 0.0; 1.0 1.0 0.0; 0.0 0.0 1.0], [0.33898305084745756, 0.0, 0.6666666666666666], [0, 1, 2, 3])]
Beta = 0.5, time : 29.969813108444214train/test : 4.504504504504505/5.405405405405405
Tree[Tree(2, [0.0 0.0 0.0; 0.0 0.0 0.0; 1.0 0.0 0.0; 0.0 1.0 1.0], [0.423728813559322, 0.04166666666666663, 0.6458333333333333], [1, 1, 2, 3]), Tree(2, [0.0 0.0 0.0; 0.0 0.0 0.0; 1.0 0.0 0.0; 0.0 1.0 1.0], [0.6610169491525424, 0.375, 0.7083333333333334], [1, 2, 3, 3]), Tree(2, [0.0 0.0 0.0; 0.0 0.0 0.0; 1.0 0.0 0.0; 0.0 1.0 1.0], [0.6440677966101694, 0.14583333333333337, 0.7083333333333334], [1, 2, 3, 3])]
Beta = 1.0, time : 154.72039914131165train/test : 7.207207207207207/13.513513513513514
Tree[Tree(2, [0.0 0.0 -0.0; -0.0 -0.0 0.0; 1.0 1.0 -0.0; -0.0 -0.0 1.0], [0.423728813559322, 0.06779661016949151, 0.7083333333333335], [1, 1, 2, 3]), Tree(2, [-0.0 -0.0 -0.0; -0.0 -0.0 0.0; 1.0 1.0 -0.0; -0.0 -0.0 1.0], [0.6610169491525424, 0.3898305084745761, 0.5833333333333334], [1, 2, 0, 3]), Tree(2, [-0.0 0.0 0.0; -0.0 -0.0 -0.0; 1.0 1.0 -0.0; 0.0 -0.0 1.0], [0.6440677966101694, 0.3389830508474576, 0.75], [1, 2, 3, 3])]
Beta = 2.0, time : 35.412067890167236train/test : 5.405405405405405/8.108108108108109
Tree[Tree(2, [0.0 0.0 0.0; 0.0 0.0 0.0; 1.0 1.0 1.0; 0.0 0.0 0.0], [0.1610169491525424, 0.1610169491525424, 0.6694915254237288], [1, 0, 2, 3]), Tree(2, [0.0 0.0 0.0; 0.0 0.0 0.0; 1.0 1.0 1.0; 0.0 0.0 0.0], [0.6610169491525424, 0.1271186440677966, 0.847457627118644], [1, 2, 3, 3]), Tree(2, [0.0 0.0 0.0; 0.0 0.0 0.0; 1.0 1.0 1.0; 0.0 0.0 0.0], [0.6440677966101694, 0.3389830508474576, 0.6525423728813557], [1, 2, 3, 3])]
Beta = 5.0, time : 93.835608959198train/test : 7.207207207207207/5.405405405405405
Tree[Tree(2, [0.0 0.0 0.0; 0.0 0.0 0.0; 1.0 1.0 1.0; 0.0 0.0 0.0], [0.6694915254237288, 0.423728813559322, -0.0], [1, 2, 0, 3]), Tree(2, [0.0 0.0 0.0; 0.0 0.0 0.0; 1.0 1.0 1.0; 0.0 0.0 0.0], [0.12711864406779658, 0.12711864406779658, 0.635593220338983], [1, 0, 2, 3]), Tree(2, [0.0 0.0 0.0; 0.0 0.0 0.0; 1.0 1.0 1.0; 0.0 0.0 0.0], [0.3389830508474576, 0.12711864406779658, 0.635593220338983], [1, 0, 2, 3])]
